4294967278,28
4294967278,27
4294967278,26
4294967278,39
4294967278,38
4294967278,37
4294967278,35
4294967278,34
4294967278,33
4294967278,32
4294967278,31
4294967278,30
4294967278,29
4294967278,36
4294967278,306
4294967279,533
4294967278,147
4294967279,146
4294967278,146
4294967279,289
4294967294,75
4294967294,169
4294967294,183
4294967294,174
4294967294,173
4294967294,18
4294967294,127
4294967294,14
4294967294,126
4294967294,20
4294967294,13
4294967294,104
4294967294,106
4294967294,166
4294967294,24
4294967294,160
4294967294,1413
4294967294,450
4294967294,444
4294967278,45
4294967278,44
4294967278,43
4294967278,42
4294967278,41
4294967278,40
4294967279,144
4294967278,260
4294967278,59
4294967278,58
4294967278,57
4294967278,56
4294967278,55
4294967278,54
4294967278,53
4294967278,52
4294967278,51
4294967278,50
4294967278,49
4294967278,48
4294967278,47
4294967278,46
4294967279,80
4294967279,78
4294967279,77
4294967279,75
4294967279,73
4294967279,72
4294967279,70
4294967279,67
4294967279,66
4294967279,65
4294967279,64
4294967279,63
4294967279,62
4294967279,60
4294967279,58
4294967279,56
4294967279,55
4294967279,54
4294967279,53
4294967279,51
4294967279,50
4294967279,47
4294967279,46
4294967279,45
4294967279,44
4294967279,43
4294967279,40
4294967279,38
4294967279,35
4294967279,34
4294967279,33
4294967279,22
4294967279,21
4294967279,17
4294967279,16
4294967279,15
4294967279,300
4294967279,141
4294967279,140
4294967279,28
4294967279,298
4294967279,27
4294967279,531
4294967279,137
4294967279,136
4294967294,1418
4294967279,135
4294967279,285
4294967279,134
4294967279,133
4294967279,283
4294967279,271
74,5
74,4
4294967279,270
74,3
74,2
74,1
4294967279,267
4294967294,89
4294967294,1010
4294967294,1002
4294967294,198
4294967279,279
4294967279,282
4294967279,277
4294967279,265
4294967294,114
4294967279,264
4294967279,556
4294967279,263
72,6
4294967279,10
4294967279,275
4294967279,11
4294967279,280
4294967279,259
72,5
4294967279,258
4294967279,257
72,4
72,3
72,2
72,1
4294967278,279
4294967279,256
4294967279,255
4294967278,258
4294967279,254
4294967279,281
4294967278,340
4294967279,253
71,5
4294967278,257
4294967279,574
4294967278,263
71,4
4294967279,573
71,3
71,2
71,1
4294967278,337
4294967294,120
4294967278,336
4294967278,365
4294967278,255
4294967278,364
4294967278,333
4294967278,253
70,5
4294967278,250
70,4
70,3
70,2
70,1
4294967278,248
4294967278,247
4294967278,244
4294967294,387
4294967278,242
4294967278,243
4294967278,240
69,5
4294967278,237
69,4
4294967278,236
69,3
69,2
69,1
4294967278,235
4294967278,234
4294967278,228
4294967278,231
4294967278,229
4294967278,226
4294967278,224
4294967278,222
4294967294,99
4294967294,76
4294967278,216
67,4
4294967278,214
67,3
67,2
67,1
4294967278,332
0,7
4294967278,213
4294967294,468
4294967294,390
4294967294,128
4294967294,186
4294967294,0
4294967278,375
4294967294,40
4294967294,38
4294967294,37
4294967294,36
4294967294,39
4294967294,42
4294967278,383
4294967279,572
4294967294,409
4294967294,999
4294967294,395
4294967294,148
4294967294,179
4294967294,420
4294967294,178
4294967294,167
4294967294,414
4294967294,168
4294967294,406
4294967294,466
4294967294,456
4294967294,180
4294967278,382
4294967294,393
4294967294,392
4294967294,46
4294967294,389
4294967294,115
4294967294,2
4294967278,381
4294967279,571
4294967294,469
4294967278,331
4294967294,107
4294967294,91
4294967294,90
4294967294,87
4294967294,86
4294967294,85
4294967294,84
4294967294,129
4294967294,150
4294967294,149
4294967294,29
4294967294,419
4294967294,28
4294967294,1015
4294967294,27
4294967294,53
4294967294,45
4294967294,427
4294967294,44
4294967294,96
4294967294,94
4294967278,330
4294967294,9
4294967278,206
4294967294,8
4294967278,374
4294967294,22
4294967294,43
4294967294,417
4294967294,51
4294967294,52
4294967278,380
4294967278,347
4294967278,329
4294967278,360
4294967279,570
4294967279,538
4294967279,0
4294967278,373
4294967294,6
4294967278,201
4294967278,200
4294967294,202
4294967294,82
4294967294,1414
4294967294,83
4294967294,92
4294967294,88
4294967294,30
4294967294,142
4294967294,141
4294967294,139
4294967294,138
4294967294,992
4294967294,990
4294967294,989
4294967294,987
4294967294,60
4294967294,50
4294967294,470
4294967294,81
4294967294,11
4294967294,5
4294967278,199
4294967278,132
4294967278,131
4294967278,130
4294967278,129
4294967278,128
4294967278,127
4294967278,126
4294967278,125
4294967278,124
4294967278,123
4294967278,122
4294967278,121
4294967278,120
4294967278,119
4294967278,118
